0.7131903053821066
0.060918295864425015
-0.7745609485117836
0.7852649967299297
0.05991440573583695
-0.7680637885201492
-0.05918088422503913
-0.3669344343435366
0.1950044504238841
-0.737987064543753
-0.5441452127129207
0.7709362353274187
0.7851944298975568
1.3720652784789762
1.3397329514203968
1.4045176651763047
1.4136797301203359
1.139536794149904
1.4165349853698435
1.3833746210205315
1.3687593975817178
1.4162681494356417
1.326547781963168
1.274414865359334
1.4077292116985136
1.1672842508219394
1.3720652784789762
1.3397329514203968
1.4045176651763047
1.4136797301203359
1.139536794149904
1.4165349853698435
1.3833746210205315
1.3687593975817178
1.4162681494356417
1.326547781963168
1.274414865359334
1.4077292116985136
1.1672842508219394
0.7131903053821066
0.060918295864425015
-0.7745609485117836
0.7852649967299297
0.05991440573583695
-0.7680637885201492
-0.05918088422503913
-0.3669344343435366
0.1950044504238841
-0.737987064543753
-0.5441452127129207
0.7709362353274187
0.7851944298975568
0.7131903053821066
0.060918295864425015
-0.7745609485117836
0.7852649967299297
0.05991440573583695
-0.7680637885201492
-0.05918088422503913
-0.3669344343435366
0.1950044504238841
-0.737987064543753
-0.5441452127129207
0.7709362353274187
0.7851944298975568
1.3720652784789762
1.3397329514203968
1.4045176651763047
1.4136797301203359
1.139536794149904
1.4165349853698435
1.3833746210205315
1.3687593975817178
1.4162681494356417
1.326547781963168
1.274414865359334
1.4077292116985136
1.1672842508219394
1.3720652784789762
1.3397329514203968
1.4045176651763047
1.4136797301203359
1.139536794149904
1.4165349853698435
1.3833746210205315
1.3687593975817178
1.4162681494356417
1.326547781963168
1.274414865359334
1.4077292116985136
1.1672842508219394
